{
    "timestamp": 1597343948,
    "stocks": [
        {
            "prevClose": 452.04,
            "bidPrice": 457.1,
            "mid": 460.25,
            "high": 464.14,
            "tngoLast": 458.89,
            "askSize": 100,
            "bidSize": 100,
            "lastSize": 100,
            "lastSaleTimestamp": "2020-08-13T14:38:46.694741176-04:00",
            "ticker": "AAPL",
            "timestamp": "2020-08-13T14:38:46.694741176-04:00",
            "open": 457.79,
            "last": 458.89,
            "volume": 247656,
            "askPrice": 463.4,
            "quoteTimestamp": "2020-08-13T14:38:18.309617924-04:00",
            "low": 455.82
        },
        {
            "prevClose": 337.44,
            "open": 337.19,
            "mid": 336.35,
            "high": 338.27,
            "tngoLast": 336.35,
            "askSize": 500,
            "bidSize": 100,
            "lastSize": 100,
            "lastSaleTimestamp": "2020-08-13T14:38:59.234806788-04:00",
            "ticker": "SPY",
            "timestamp": "2020-08-13T14:39:08.388143895-04:00",
            "bidPrice": 336.32,
            "last": 336.38,
            "volume": 338006,
            "askPrice": 336.38,
            "quoteTimestamp": "2020-08-13T14:39:08.388143895-04:00",
            "low": 336.23
        }
    ],
    "device": "stock-device"
}
